0 0.890789 0.955443 0.176316 0.0376794 0.326411
0 0.615351 0.200658 0.744737 0.0436603 0.612751
0 0.612719 0.926734 0.757018 0.0604067 0.693813
0 0.601316 0.701555 0.75 0.0502392 0.712395
0 0.611842 0.770335 0.732456 0.0370813 0.723051
0 0.603509 0.230263 0.691228 0.0442584 0.728616
0 0.612281 0.73744 0.733333 0.0430622 0.741162
0 0.617544 0.585526 0.735088 0.0454545 0.753042
0 0.608333 0.301136 0.713158 0.0388756 0.769574
0 0.617544 0.623505 0.764912 0.0460526 0.772182
0 0.609211 0.660287 0.739474 0.0454545 0.778014
0 0.622807 0.546053 0.750877 0.0502392 0.791072
0 0.600439 0.807416 0.711403 0.0514354 0.798051
0 0.607456 0.165969 0.735965 0.0364833 0.811286
0 0.621491 0.507775 0.742982 0.0430622 0.815513
0 0.607456 0.84689 0.723684 0.0466507 0.817629
0 0.619737 0.472488 0.753509 0.0430622 0.833839
0 0.601754 0.267045 0.796491 0.0424641 0.833868
0 0.617544 0.886364 0.74386 0.0526316 0.836022
0 0.617982 0.130682 0.739474 0.0400718 0.849067
0 0.619737 0.402512 0.735965 0.0406699 0.85073
0 0.581579 0.0956938 0.817544 0.0514354 0.854967
0 0.615789 0.36872 0.740351 0.0460526 0.861118
0 0.622807 0.436902 0.735088 0.0448565 0.874828
0 0.627193 0.334629 0.72807 0.0436603 0.883881
